{
 "cells": [
  {
   "cell_type": "markdown",
   "metadata": {},
   "source": [
    "20127392\n",
    "Lê Nguyễn Lan Vy \n",
    "20CLC07"
   ]
  },
  {
   "cell_type": "code",
   "execution_count": 1,
   "metadata": {},
   "outputs": [],
   "source": [
    "import math\n",
    "\n",
    "def convertMatrix(a):\n",
    "    #thanh lap ma tran chuyen vi v\n",
    "    i=0\n",
    "    v=[]\n",
    "\n",
    "    for i in range (len(a[0])):\n",
    "        v.append([])\n",
    "        for j in range (len(a)):\n",
    "            v[i].append(a[j][i])\n",
    "\n",
    "    return v\n",
    "\n",
    "def distanceOf2Vecto (a,b):\n",
    "    #tinh khoang cach 2 vecto<a,b>\n",
    "    sum=0\n",
    "    for i in range (len(a)):\n",
    "        sum+=(a[i]*b[i])\n",
    "    return sum\n",
    "\n",
    "def sumOfList (a,b):\n",
    "    #tinh tong hai list\n",
    "    sum=[]\n",
    "    for i in range (len(a)):\n",
    "        sum.append(a[i]+b[i])\n",
    "    return sum\n",
    "def subtractOfList (a,b):\n",
    "    #tinh hieu cua hai list\n",
    "    sum=[]\n",
    "    for i in range (len(a)):\n",
    "        sum.append(a[i]-b[i])\n",
    "    return sum    \n",
    "def caculateQ(v):\n",
    "    #tinh ra duoc ma tran Q\n",
    "    l=[]\n",
    "    sum=[]\n",
    "    q=[]\n",
    "    for p in range (len(v[0])):\n",
    "        sum.append(0)\n",
    "        l.append(0)\n",
    "    u=[]\n",
    "\n",
    "    for i in range (len(v)):\n",
    "        q.append([])\n",
    "        u.append([])\n",
    "        if i==0:\n",
    "            for j in range (len(v[i])):\n",
    "                u[i].append(v[i][j])\n",
    "        else:\n",
    "            for j in range (i):\n",
    "                m=distanceOf2Vecto(v[i],u[j])/distanceOf2Vecto(u[j],u[j])\n",
    "                for n in range (len(u[j])):\n",
    "                    l[n]=m*u[j][n]\n",
    "                sum=sumOfList(sum,l)\n",
    "            tru = []\n",
    "            tru = subtractOfList(v[i],sum)\n",
    "            for j in range (len(tru)):\n",
    "                u[i].append(tru[j])\n",
    "            for p in range (len(v[0])):\n",
    "                sum[p] = 0\n",
    "        x=1/math.sqrt(distanceOf2Vecto(u[i],u[i]))\n",
    "        for k in range (len(u[i])):\n",
    "            q[i].append(x*u[i][k])\n",
    "    q=convertMatrix(q)\n",
    "    return q\n",
    "\n",
    "def caculateR (q,a)   :\n",
    "    r=[]\n",
    "    for g in range (len(q)):\n",
    "        r.append([])\n",
    "    for g in range (len(q)):\n",
    "        r[g].a\n",
    "    return r"
   ]
  },
  {
   "cell_type": "code",
   "execution_count": 2,
   "metadata": {},
   "outputs": [
    {
     "name": "stdout",
     "output_type": "stream",
     "text": [
      "[[0.3333333333333333, 0.6666666666666666, 0.6666666666666666], [0.6666666666666666, 0.3333333333333333, -0.6666666666666666], [-0.6666666666666666, 0.6666666666666666, -0.3333333333333333]]\n",
      "[[0.4082482904638631, 0.5773502691896256, 0.7071067811865475], [0.8164965809277261, -0.5773502691896257, 0.0], [0.4082482904638631, 0.5773502691896256, -0.7071067811865475]]\n",
      "[[0.7071067811865475, 0.0, -0.7071067811865475], [0.0, 1.0, 0.0], [0.7071067811865475, 0.0, 0.7071067811865475]]\n",
      "[[-0.5, 0.5, -0.5], [0.5, 0.5, -0.5], [-0.5, 0.5, 0.5], [0.5, 0.5, 0.5]]\n",
      "[[0.2672612419124244, 0.3131500502876495, 0.5973476910894989], [0.5345224838248488, 0.626300100575299, -0.567480306535024], [0.8017837257372732, -0.5219167504794158, 0.17920430732684978], [0.0, 0.48712230044745475, 0.537612921980549]]\n",
      "[[-0.8944271909999159, 0.18257418583505533, 0.31622776601683794], [0.4472135954999579, 0.36514837167011077, 0.6324555320336759], [0.0, 0.9128709291752769, -0.3162277660168379], [0.0, 0.0, 0.6324555320336759]]\n",
      "[[0.5773502691896258, -0.25819888974716115, 0.7745966692414833], [0.5773502691896258, 0.5163977794943222, -0.25819888974716115], [-0.5773502691896258, 0.25819888974716115, 0.5163977794943223], [0.0, 0.7745966692414834, 0.25819888974716115]]\n"
     ]
    }
   ],
   "source": [
    "A = [[1, 1, 2], [2, -1, 1], [-2, 4, 1]]\n",
    "B = [[1, 1, 1], [2, -2, 2], [1, 1, -1]]\n",
    "C = [[1, 1, -1], [0, 1, 2], [1, 1, 1]]\n",
    "D = [[-1, -1, 1], [1, 3, 3], [-1, -1, 5], [1, 3, 7]]\n",
    "E = [[1, 1, 1], [2, 2, 0], [3, 0, 0], [0, 1, 1]]\n",
    "F = [[-2, 1, 3], [1, 0, 0], [0, 1, 0], [0, 0, 1]]\n",
    "G = [[1, -1, 2], [1, 0, -1], [-1, 1, 2], [0, 1, 1]]\n",
    "v=convertMatrix(A)\n",
    "q=caculateQ(v)\n",
    "print(q)\n",
    "#r=caculateR(q,a)\n",
    "#print r\n",
    "\n",
    "m=convertMatrix(B)\n",
    "q1=caculateQ(m)\n",
    "print(q1)\n",
    "\n",
    "n=convertMatrix(C)\n",
    "q2=caculateQ(n)\n",
    "print(q2)\n",
    "\n",
    "k=convertMatrix(D)\n",
    "q3=caculateQ(k)\n",
    "print(q3)\n",
    "\n",
    "h=convertMatrix(E)\n",
    "q4=caculateQ(h)\n",
    "print(q4)\n",
    "\n",
    "k=convertMatrix(F)\n",
    "q3=caculateQ(k)\n",
    "print(q3)\n",
    "\n",
    "k=convertMatrix(G)\n",
    "q3=caculateQ(k)\n",
    "print(q3)"
   ]
  }
 ],
 "metadata": {
  "kernelspec": {
   "display_name": "Python 3.10.4 64-bit",
   "language": "python",
   "name": "python3"
  },
  "language_info": {
   "codemirror_mode": {
    "name": "ipython",
    "version": 3
   },
   "file_extension": ".py",
   "mimetype": "text/x-python",
   "name": "python",
   "nbconvert_exporter": "python",
   "pygments_lexer": "ipython3",
   "version": "3.10.4"
  },
  "orig_nbformat": 4,
  "vscode": {
   "interpreter": {
    "hash": "beedbe2faf2f7048d727558d0bc3221e7eba2a0b921cac4d4771b2feb8f74b30"
   }
  }
 },
 "nbformat": 4,
 "nbformat_minor": 2
}
